beginning
0.33
81.04
93.91
102.22
106.52
110.81
114.50
115.71
116.60
117.91
120.01
120.70
123.02
124.46
126.82
127.54
130.33
133.15
131.87
133.35
133.22
132.40
132.63
133.79
138.74
148.71
147.65
141.89
138.73
141.26
149.62
157.03
151.47
144.80
140.82
135.51
134.14
135.17
140.20
141.05
140.95
139.01
136.11
137.49
139.38
141.26
144.69
146.03
143.80
141.84
141.80
139.91
142.08
141.10
139.59
145.60
148.63
149.24
151.03
151.55
152.16
153.73
152.74
151.73
151.27
152.96
152.93
152.35
154.16
152.60
147.76
146.46
148.12
152.13
152.82
153.18
153.82
152.60
153.42
152.74
151.51
146.94
151.50
153.88
154.42
153.94
152.93
153.44
154.13
156.28
156.22
155.09
150.28
148.75
151.25
154.11
156.16
155.71
153.94
149.50
149.41
148.01
149.00
148.66
153.07
155.38
151.39
148.34
151.42
154.77
152.55
152.65
154.36
150.62
152.52
156.36
156.82
158.17
158.24
154.18
152.70
155.89
154.24
154.70
157.57
158.34
157.65
154.26
151.68
157.46
155.58
156.62
158.16
158.05
156.66
152.27
150.11
152.44
154.11
155.21
153.92
149.30
149.24
154.61
154.83
150.85
152.19
153.47
149.24
148.34
148.07
147.46
148.72
148.95
154.12
157.55
157.43
156.04
157.21
156.30
150.38
148.71
149.36
150.41
151.82
155.31
156.14
152.27
148.32
148.77
148.90
150.35
151.05
156.79
156.90
156.82
155.24
155.73
157.61
158.55
158.58
157.28
154.53
157.35
157.43
153.21
149.80
148.44
148.68
149.26
153.06
156.74
157.78
157.06
150.74
151.22
152.11
151.56
154.95
156.98
156.76
156.50
157.20
152.16
149.22
148.44
148.26
149.56
150.85
149.05
148.71
148.92
148.86
149.42
149.98
149.15
149.16
149.35
150.71
151.78
152.44
154.32
152.91
154.47
159.13
160.25
154.15
157.10
155.66
155.24
154.09
157.35
159.53
157.70
151.92
151.91
151.82
150.20
150.65
149.25
148.73
149.88
149.64
149.80
149.98
149.87
151.03
151.19
149.81
149.27
149.16
149.64
150.78
150.07
149.76
151.06
153.10
151.84
151.10
150.55
151.25
151.64
151.12
151.12
150.60
149.61
150.46
150.97
151.45
152.68
152.88
152.55
152.32
151.42
151.76
152.35
157.81
159.63
155.52
153.79
153.86
154.39
153.95
153.80
153.11
152.98
152.13
152.43
152.44
153.27
153.68
153.78
154.20
153.49
153.06
153.53
153.55
152.35
152.39
152.98
152.70
152.68
152.20
152.96
152.48
153.01
152.77
154.04
154.57
154.74
153.56
153.32
155.26
153.04
154.55
152.82
152.16
152.66
153.49
153.19
153.80
155.38
154.35
153.13
153.48
153.41
152.69
153.35
154.26
155.23
154.90
155.00
154.09
155.66
156.12
155.30
155.50
155.79
156.34
155.43
154.81
155.41
155.89
158.32
158.07
157.11
156.59
155.58
156.78
157.14
156.24
156.82
156.91
157.18
158.96
158.96
160.83
157.37
158.34
159.79
159.87
159.19
156.12
156.95
158.46
157.97
158.64
159.12
158.94
159.40
158.76
159.50
160.64
159.33
157.66
156.84
157.32
157.96
160.99
163.09
163.16
161.79
164.78
161.88
162.65
161.85
161.70
161.19
161.45
161.76
160.52
160.06
158.93
159.67
159.88
160.08
161.55
160.75
161.99
162.29
162.74
162.04
160.11
160.80
161.01
161.40
162.26
161.06
160.73
160.78
160.12
161.40
160.21
160.20
160.30
159.88
159.81
158.32
162.55
167.42
166.37
159.37
156.29
157.00
158.29
159.59
161.07
161.83
160.66
159.67
159.77
160.62
160.60
161.01
161.37
160.78
161.08
160.63
160.17
160.41
160.17
160.11
160.15
160.25
159.43
158.62
159.27
159.88
159.90
160.13
159.86
159.76
159.42
158.84
160.13
159.25
157.59
158.12
157.89
157.67
158.08
157.57
158.12
158.08
158.00
157.87
157.17
157.26
158.62
157.93
158.10
158.77
158.25
158.15
157.66
157.39
157.31
157.49
156.94
157.35
156.75
157.77
156.29
156.34
157.75
157.02
155.68
157.03
157.43
156.52
155.71
156.70
157.79
156.51
155.88
156.46
156.77
156.83
157.10
156.07
155.94
155.25
155.52
155.46
156.00
156.22
156.43
156.79
155.75
155.72
156.32
156.66
156.11
155.81
154.86
155.85
158.13
157.39
155.76
156.18
155.37
155.30
155.05
156.03
155.92
154.61
154.54
154.29
153.70
155.05
155.58
154.63
154.11
155.11
155.22
155.26
154.44
154.80
155.14
154.80
154.76
155.17
153.63
153.10
153.97
154.08
153.48
153.48
153.60
154.01
153.72
153.84
153.31
152.17
152.47
153.41
153.35
152.46
152.25
151.64
151.58
151.00
151.47
151.93
152.65
152.92
153.00
151.84
151.56
152.22
152.85
152.08
152.20
153.32
151.99
150.44
150.46
151.21
150.70
150.23
150.01
150.74
152.02
152.21
151.61
151.12
151.08
151.24
151.95
151.80
152.48
150.14
150.27
150.02
150.30
151.62
150.01
149.83
150.54
150.81
151.52
151.72
150.03
150.16
150.15
149.80
149.62
149.45
149.37
149.46
150.20
150.24
149.31
148.09
148.74
148.47
148.02
148.63
148.79
149.02
148.76
148.33
148.87
149.23
148.78
149.21
148.86
149.02
148.11
147.98
148.09
148.66
148.48
148.38
148.00
148.00
147.93
147.44
147.52
147.95
148.11
147.96
146.82
145.88
145.12
145.42
146.44
146.55
146.72
145.96
145.65
145.82
146.81
146.49
146.29
146.86
145.88
145.86
145.94
145.92
145.73
145.22
144.78
145.64
145.92
145.40
145.40
144.81
145.17
145.04
143.89
142.85
142.92
143.04
143.67
143.77
143.23
144.07
144.41
144.07
143.48
144.26
143.97
142.48
143.19
143.51
142.53
142.81
143.44
142.91
142.47
142.37
141.53
141.97
142.62
142.20
141.85
141.17
141.09
141.48
140.55
140.52
139.53
139.79
140.40
139.43
140.63
140.94
142.17
141.57
139.72
140.34
139.49
139.33
138.93
139.48
139.22
139.98
139.98
138.64
138.94
139.29
138.91
139.09
138.73
137.93
138.73
138.82
138.18
137.70
137.52
137.63
138.34
138.78
138.23
137.34
136.29
136.57
138.69
139.47
137.03
136.55
137.80
138.01
139.03
137.12
137.62
135.54
135.37
135.15
134.57
137.51
138.48
137.39
136.89
136.67
135.70
136.42
137.91
135.49
134.06
134.55
137.39
139.02
134.05
134.85
134.48
132.33
134.31
135.24
135.21
133.67
137.24
135.37
133.76
135.42
135.46
135.23
138.52
137.34
134.43
136.26
132.24
132.64
133.12
134.25
132.63
132.32
130.57
130.48
130.00
134.91
135.94
138.21
138.38
138.79
136.15
136.31
137.38
134.80
132.96
132.05
131.77
133.57
134.94
130.70
131.13
129.84
130.79
130.76
129.71
130.79
130.40
129.32
131.16
128.88
128.79
128.36
127.95
130.53
129.82
128.25
128.36
127.71
131.16
130.69
131.33
130.67
129.29
127.53
126.01
125.66
125.80
125.54
126.87
127.00
127.22
128.50
131.15
130.02
131.17
131.68
127.77
127.33
128.43
130.76
130.58
130.83
130.80
130.03
129.70
130.83
131.12
129.80
129.25
128.07
129.13
130.28
130.62
131.02
131.78
131.42
130.85
131.40
126.83
126.35
126.37
126.36
124.45
125.34
128.67
128.77
124.37
125.12
125.64
125.69
126.42
129.86
126.01
126.43
126.12
125.23
123.58
122.70
124.99
125.98
125.65
126.38
126.30
127.58
127.44
125.32
122.44
117.45
119.62
119.37
118.65
117.89
114.72
112.47
109.40
107.00
87.71
