beginning
0.03
72.97
79.98
86.59
88.42
94.02
96.57
98.84
97.85
96.08
94.91
98.57
104.49
109.60
109.55
106.78
105.47
109.10
109.18
107.78
108.37
109.14
111.47
110.36
111.64
110.93
111.52
107.82
106.44
103.48
101.29
99.02
97.66
96.62
92.70
93.67
89.08
81.74
5.01
75.32
97.84
107.76
109.77
113.80
117.31
117.95
116.33
113.93
109.19
102.27
102.37
108.96
112.59
112.07
105.76
103.02
102.10
101.94
105.33
114.17
115.18
108.82
102.53
101.37
99.86
98.50
99.54
103.49
102.57
97.98
96.10
95.69
95.71
95.42
93.39
93.12
94.36
93.86
92.25
90.76
91.83
91.58
91.18
91.98
91.93
89.13
82.95
67.92
89.94
106.38
92.85
87.33
69.41
28.08
67.79
69.60
57.42
32.54
48.52
70.03
62.20
23.61
62.86
63.83
59.02
66.85
49.74
43.93
70.51
80.90
82.98
84.02
75.06
61.87
70.80
78.18
80.74
74.98
56.33
66.04
71.06
68.49
67.69
79.20
82.02
84.15
89.68
106.36
111.55
108.14
111.97
108.16
99.21
94.80
104.05
117.75
119.83
107.33
96.33
95.76
100.61
98.26
94.50
92.97
99.90
118.07
123.94
116.66
99.43
93.75
92.18
93.68
103.97
105.28
108.36
119.40
114.84
111.77
107.84
99.82
98.53
102.35
114.98
122.60
124.78
123.80
121.70
111.10
102.62
101.32
101.51
99.80
101.42
109.29
120.14
124.91
121.64
108.99
102.67
101.18
99.61
96.27
92.78
89.68
93.64
114.52
111.45
100.63
95.35
93.12
89.81
88.96
105.65
120.37
119.62
105.96
96.61
93.38
91.15
91.82
91.79
92.33
101.11
119.08
124.34
123.01
116.50
106.28
99.79
98.84
97.98
99.21
100.48
103.23
105.35
107.42
107.70
111.82
114.48
114.76
114.23
113.19
107.33
101.28
100.49
100.49
102.45
108.62
114.40
115.02
107.75
101.96
101.71
100.89
101.55
101.26
102.27
110.02
115.43
115.55
110.07
104.04
100.97
99.11
99.86
98.45
98.20
103.70
108.59
112.09
112.29
107.89
99.02
96.19
95.64
92.03
91.07
104.09
115.24
114.48
104.64
93.60
91.54
91.26
91.16
89.85
90.39
92.99
100.52
104.61
108.24
116.27
119.22
117.66
117.40
115.39
113.66
111.19
112.90
118.55
123.37
122.44
116.28
108.79
102.23
102.03
108.87
113.90
109.24
109.60
111.22
113.13
114.40
115.83
114.56
116.29
117.78
119.04
118.07
116.49
114.81
113.73
114.99
117.22
118.85
119.27
119.95
121.30
121.27
119.77
118.59
114.32
109.60
107.70
107.67
107.56
107.17
108.86
112.44
113.20
110.57
105.65
103.25
103.62
103.91
103.60
103.10
102.78
101.48
100.04
98.34
98.24
97.57
99.98
107.32
112.42
110.93
102.79
98.95
99.65
99.60
101.77
109.18
117.18
120.67
118.52
119.23
119.45
116.31
109.62
103.30
101.55
102.66
107.67
112.55
118.14
118.18
116.77
114.83
112.84
110.84
109.60
107.84
107.19
107.47
109.33
111.45
113.53
115.90
115.54
117.04
110.60
105.67
105.15
103.50
104.62
102.97
102.45
102.18
101.80
103.67
106.04
107.16
99.83
100.48
102.81
100.04
97.60
94.78
93.16
93.14
96.53
99.86
97.61
94.38
92.22
88.83
72.35
51.67
94.68
110.91
109.83
101.25
96.85
96.33
95.81
95.77
94.58
92.16
90.73
111.08
121.42
121.52
116.36
100.82
94.67
93.75
91.88
89.30
98.47
94.67
92.26
83.76
97.82
107.05
98.35
93.63
99.01
102.27
97.59
95.18
93.23
76.60
62.92
79.89
89.48
93.46
100.92
100.88
97.30
95.67
90.47
76.16
101.40
113.26
113.10
103.31
96.91
96.18
94.70
93.32
91.53
93.82
95.13
109.03
118.92
114.71
111.45
114.12
114.98
119.15
117.28
112.62
114.60
115.76
118.42
120.43
121.24
120.69
120.09
117.30
114.35
111.36
110.37
109.88
113.60
116.60
118.13
120.17
121.10
120.83
119.29
118.68
118.28
113.86
111.91
112.49
110.06
108.23
108.44
108.36
107.94
107.16
110.48
114.48
118.78
116.56
109.80
106.88
104.08
104.35
103.67
101.69
100.48
102.38
106.63
111.45
112.63
106.80
100.70
102.17
100.93
98.53
96.54
95.30
96.17
96.47
106.93
120.29
121.09
121.56
120.55
116.85
106.48
101.52
102.88
106.26
107.37
105.10
101.96
103.32
104.64
109.29
109.44
106.16
101.12
105.06
107.11
101.55
100.03
100.81
103.54
114.86
121.65
116.09
103.49
98.01
100.95
101.45
98.98
97.32
97.60
98.15
99.14
98.21
98.65
98.67
99.29
99.34
99.62
98.66
96.55
97.31
97.64
98.91
100.73
104.67
102.75
99.17
100.07
99.54
98.04
97.95
98.66
99.89
109.31
118.96
118.76
111.06
104.14
103.58
104.11
102.90
102.67
101.93
101.00
99.69
99.75
100.49
107.16
110.95
113.54
116.40
121.01
120.82
116.10
110.27
101.50
101.45
101.59
100.41
99.81
100.67
103.17
114.37
122.32
120.50
118.48
108.54
103.08
102.92
103.27
103.49
106.62
105.48
104.42
108.98
111.01
107.35
102.32
101.98
102.59
101.03
100.19
99.46
101.12
111.06
120.04
119.80
115.05
108.11
100.01
98.52
98.50
97.83
96.87
95.36
94.74
91.80
87.36
89.53
92.39
92.90
93.64
91.73
77.58
75.94
95.28
105.10
103.35
95.74
95.27
95.58
102.33
110.24
100.92
94.95
101.03
105.14
101.69
94.87
93.81
94.74
94.35
89.90
87.41
84.13
74.17
79.32
90.16
94.44
95.02
104.73
115.05
115.38
112.23
111.66
114.16
115.07
106.70
98.09
98.69
99.51
99.98
108.54
112.78
112.45
111.02
115.96
121.74
123.64
122.48
121.22
123.11
121.52
121.11
119.62
120.96
122.43
120.26
118.64
118.15
117.73
118.22
119.84
120.84
124.10
120.35
122.02
122.82
124.54
125.34
125.86
124.42
123.59
122.86
123.09
124.06
124.71
124.39
124.13
123.44
120.89
121.27
118.90
116.34
115.14
114.54
113.97
113.72
111.32
110.61
112.35
112.69
111.53
109.46
107.97
109.80
111.66
114.21
117.87
119.55
121.05
119.33
120.15
123.11
122.31
120.73
121.04
117.99
116.24
116.78
120.27
120.46
121.42
123.72
121.42
121.45
120.99
123.63
121.73
123.60
124.59
123.58
120.32
118.63
115.59
116.67
115.33
117.88
118.72
120.77
121.70
121.73
123.63
125.33
125.38
124.68
127.23
125.36
125.06
123.71
123.23
123.36
123.23
124.88
124.85
126.37
122.56
121.06
122.39
122.64
123.90
124.07
124.21
120.09
119.62
118.38
120.74
119.15
118.59
115.78
116.94
114.01
112.62
112.31
111.93
111.86
109.99
109.65
108.92
107.20
106.61
106.88
106.50
106.11
105.67
105.02
104.14
103.16
102.35
101.07
102.00
105.35
112.16
122.44
127.48
124.88
123.10
121.84
121.44
122.33
122.81
121.24
122.11
123.70
125.28
124.35
125.19
126.72
125.81
125.48
123.87
124.29
123.58
119.60
116.64
119.05
118.01
115.69
116.48
114.15
113.51
112.94
113.82
113.12
112.61
112.43
110.94
112.42
111.37
109.91
110.86
112.18
111.83
114.94
116.63
119.43
120.43
121.65
122.77
126.62
128.19
126.06
127.13
126.28
128.33
128.31
129.59
129.28
129.37
128.71
127.91
128.29
127.99
128.15
130.03
128.63
125.54
122.13
118.20
117.30
115.92
116.25
115.74
114.27
111.98
111.42
109.31
106.37
105.43
103.41
102.02
98.16
94.20
69.90
19.53
30.70
34.75
23.24
